Wyniki modelu sieci neuronowej
====================================
Dokładność na zbiorze treningowym: 0.9677
Dokładność na zbiorze walidacyjnym: 0.9674
MSE na zbiorze treningowym: 0.0323
MSE na zbiorze walidacyjnym: 0.0326
Błąd klasyfikacji na zbiorze treningowym: 0.0323
Błąd klasyfikacji na zbiorze walidacyjnym: 0.0326

Macierz pomyłek (Confusion Matrix):
[[18200    92]
 [  560  1148]]
====================================
Wagi warstwy ukrytej:
[[ 9.17477071e-01  5.65294102e-02 -1.20430911e+00 -2.75603291e-02
  -3.83872807e-01 -2.33824011e-02  2.93794740e-02 -4.44510505e-02
   7.21441731e-02  1.24187362e+00]
 [-3.52434874e-01 -6.48124397e-01 -1.59767315e-01  8.18347454e-01
  -4.07200128e-01  1.46700637e-02  1.29536378e+00 -1.11245532e-02
  -4.50146236e-02 -8.43435824e-02]
 [-1.03877224e-01 -8.02424252e-02 -7.37722516e-01  2.42200885e-02
  -1.25259042e+00  5.87649969e-03  1.16394635e-03 -1.81765407e-02
   9.19629633e-03  1.12003453e-01]
 [ 2.49826059e-01  1.05649740e-01 -2.77172565e-01 -2.02818103e-02
  -7.30184913e-01 -1.47369076e-02  1.56131212e-03 -7.32694194e-03
   2.75993869e-02  1.01901186e+00]
 [-2.55764276e-01 -1.34142196e+00 -9.41905379e-03  1.73798692e+00
  -7.42853820e-01  1.58547628e+00  8.45117390e-01  6.17680550e-02
  -1.42756641e-01 -2.16265857e-01]
 [ 8.32681283e-02 -4.19350237e-01  1.39450908e+00 -1.97311714e-02
  -5.24112284e-01 -1.39421001e-01 -1.02456987e+00  1.64550054e+00
  -2.17941689e+00 -1.27421319e+00]
 [ 1.53872326e-01  1.98332090e-02 -1.68505967e-01  1.13722319e-02
  -1.32253081e-01 -7.06445775e-04  6.79137185e-02  4.30387678e-03
   5.11722751e-02  1.57999083e-01]
 [-8.98933038e-03 -7.87894368e-01 -7.71226466e-01  2.68985629e-01
  -1.17672753e+00 -4.04724758e-03  3.97120565e-01  8.57303068e-02
   1.55563033e+00 -6.69195771e-01]
 [ 7.23612309e-01  2.08865866e-01  2.32516095e-01 -2.67821122e-02
  -1.12928641e+00  8.97011399e-01  6.89186990e-01  6.84520183e-03
   3.36084701e-02  2.07661223e-02]
 [ 2.54334986e-01 -1.60571373e+00  1.23542272e-01 -7.76798837e-03
  -9.51171517e-01  6.04024529e-01 -1.54920116e-01 -1.68084484e-02
   1.04504180e+00  1.79216251e-01]
 [-1.67933300e-01 -5.40883362e-01  3.81017327e-01 -9.03601229e-01
  -2.32954416e-02  6.11896157e-01 -1.64024734e+00  2.67055482e-02
   8.27431798e-01 -2.54530817e-01]
 [ 1.21428525e+00  6.57493547e-02 -2.58115023e-01  5.71071915e-03
  -7.40496218e-02 -1.55806830e-02 -9.99104381e-02  3.42144631e-02
  -1.46936439e-02  1.04846343e-01]
 [-1.56414106e-01 -1.44263244e+00  1.75003439e-01  8.18424940e-01
   4.43778262e-02  1.56125994e-02  1.09319007e+00  1.23767145e-02
   2.65772082e-02 -4.87521440e-01]]
Przesunięcia warstwy ukrytej:
[-0.7445831   1.1061229   0.47145995 -1.4572953   0.9022267  -0.8120931
 -0.28415188 -2.6811001  -0.05441773  0.5962098 ]
Wagi warstwy wyjściowej:
[[ 0.41706735]
 [-1.2362653 ]
 [-0.72331333]
 [ 1.828176  ]
 [-0.42331833]
 [ 1.2773029 ]
 [-1.161951  ]
 [15.768294  ]
 [-1.103419  ]
 [ 0.4586914 ]]
Przesunięcia warstwy wyjściowej:
[-1.4306588]
====================================
