Wyniki modelu sieci neuronowej
====================================
Dokładność na zbiorze treningowym: 0.9677
Dokładność na zbiorze walidacyjnym: 0.9665

Macierz pomyłek (Confusion Matrix):
[[18220    72]
 [  599  1109]]
====================================
Wagi warstwy ukrytej:
[[-3.76433991e-02 -4.53019403e-02 -1.56338334e-01 -3.27594548e-01
  -1.10519193e-02  8.02730143e-01 -3.10602468e-02 -6.28373325e-01
  -2.49171276e-02  9.51654613e-02]
 [-5.55439526e-03  3.28771025e-01  6.14805698e-01 -6.93752587e-01
   9.30279400e-03 -4.26877379e-01  6.32028282e-01  3.48767608e-01
  -2.38090195e-02 -3.93423736e-01]
 [-1.54822785e-02  2.62752682e-01  2.92650998e-01 -1.83219206e+00
   4.01166141e-01 -3.75353932e-01  5.04932344e-01  1.88845277e-01
  -1.39987627e-02 -2.75157869e-01]
 [-4.10105139e-02 -2.55975071e-02 -4.31824535e-01  4.50146049e-02
  -8.68424475e-02  3.85179549e-01 -8.90203193e-03 -2.61272073e-01
  -6.76216092e-03 -3.12231392e-01]
 [ 4.13916185e-02 -2.25694582e-01 -2.71269828e-01 -1.01958287e+00
  -3.59164596e-01  7.22837031e-01  1.78623617e+00 -1.48968384e-01
  -1.53338885e+00 -4.01900887e-01]
 [ 1.58432329e+00  8.33472550e-01  2.74800748e-01  2.30595812e-01
   1.96486097e-02  8.54882076e-02 -1.64536983e-02  1.95039392e-01
  -3.47427154e+00 -1.07736081e-01]
 [-7.67091289e-03  1.24202900e-01 -1.55239880e-01 -2.01687917e-01
   4.42143172e-01  1.60455287e-01 -2.74541005e-02 -1.29442081e-01
   5.20558096e-02  8.33120719e-02]
 [ 2.65564650e-01 -8.44928548e-02 -1.51625597e+00 -1.87797594e+00
   6.36148870e-01 -1.26661554e-01  5.04635125e-02  7.56169260e-01
   4.40892547e-01 -1.14319003e+00]
 [-1.34624038e-02 -8.02201256e-02 -3.84081274e-01 -1.66554511e-01
  -5.03178909e-02  8.95401742e-03  5.11372328e-01  6.68336213e-01
   1.39196873e-01 -6.59770444e-02]
 [ 1.40588582e-02 -6.00195885e-01 -6.11415923e-01 -3.36176366e-01
   9.55117680e-03  3.46162230e-01 -1.79238766e-02  2.87731230e-01
   1.12101167e-01  2.88158476e-01]
 [-1.78346015e-03  6.84620216e-02  1.48421034e-01  1.34816214e-01
   2.10565910e-01  3.28719676e-01 -2.34733429e-02 -6.58721864e-01
   1.50493130e-01 -1.11618364e+00]
 [ 1.53131383e-02  8.21648389e-02 -3.81380945e-01 -3.52496728e-02
  -6.20089620e-02  2.10053563e-01  2.29220930e-02  8.70824456e-02
   1.86091959e-01 -2.98922062e-02]
 [-1.64461993e-02 -9.13541093e-02  7.26594448e-01 -1.88741446e+00
  -2.50339299e-01  2.63436109e-01  4.51178521e-01 -9.12838638e-01
   1.04929455e-01  4.54387635e-01]]
Przesunięcia warstwy ukrytej:
[-2.4283745  -0.5029969   1.0599688   1.3973211   0.5387403  -0.18687855
 -1.047435    0.606186   -0.92135525  0.8453776 ]
Wagi warstwy wyjściowej:
[[ 9.336237  ]
 [ 0.29185632]
 [-0.6917702 ]
 [-0.768629  ]
 [-0.423163  ]
 [ 0.7620557 ]
 [ 1.0788441 ]
 [-0.87260234]
 [-5.4388723 ]
 [-0.68349075]]
Przesunięcia warstwy wyjściowej:
[-0.74482286]
====================================

Dodatkowe metryki klasyfikacji:
Precyzja: 0.9390
Czułość: 0.6493
F1-score: 0.7677
